1.590000000000000000e+02 1.843000000000000000e+03 2.164500000000000000e+03
1.540000000000000000e+02 2.228000000000000000e+03 2.522500000000000000e+03
1.490000000000000000e+02 2.600000000000000000e+03 2.894000000000000000e+03
1.440000000000000000e+02 2.888500000000000000e+03 3.221000000000000000e+03
1.390000000000000000e+02 3.276500000000000000e+03 3.633500000000000000e+03
1.340000000000000000e+02 3.722000000000000000e+03 4.520000000000000000e+03
1.290000000000000000e+02 4.595000000000000000e+03 5.717500000000000000e+03
1.240000000000000000e+02 6.251000000000000000e+03 8.086500000000000000e+03
1.190000000000000000e+02 8.874500000000000000e+03 1.133850000000000000e+04
1.140000000000000000e+02 1.269150000000000000e+04 1.501800000000000000e+04
1.090000000000000000e+02 1.680850000000000000e+04 1.863650000000000000e+04
1.040000000000000000e+02 2.216900000000000000e+04 2.390400000000000000e+04
9.900000000000000000e+01 2.513950000000000000e+04 2.574150000000000000e+04
9.400000000000000000e+01 2.680400000000000000e+04 2.589450000000000000e+04
8.900000000000000000e+01 2.590200000000000000e+04 2.395800000000000000e+04
8.400000000000000000e+01 2.358100000000000000e+04 2.100900000000000000e+04
7.900000000000000000e+01 1.992550000000000000e+04 1.709900000000000000e+04
7.400000000000000000e+01 1.596600000000000000e+04 1.309350000000000000e+04
6.900000000000000000e+01 1.221800000000000000e+04 1.029350000000000000e+04
6.400000000000000000e+01 9.306500000000000000e+03 8.233000000000000000e+03
5.900000000000000000e+01 7.406500000000000000e+03 6.900500000000000000e+03
5.400000000000000000e+01 6.389000000000000000e+03 6.014000000000000000e+03
4.900000000000000000e+01 5.688000000000000000e+03 5.360500000000000000e+03
4.400000000000000000e+01 5.126500000000000000e+03 4.681000000000000000e+03
3.900000000000000000e+01 4.444000000000000000e+03 3.879500000000000000e+03
3.400000000000000000e+01 3.591000000000000000e+03 3.054000000000000000e+03
2.900000000000000000e+01 2.733000000000000000e+03 2.379500000000000000e+03
2.400000000000000000e+01 2.148000000000000000e+03 1.971500000000000000e+03
1.900000000000000000e+01 1.803000000000000000e+03 1.719500000000000000e+03
1.400000000000000000e+01 1.666000000000000000e+03 1.692000000000000000e+03
9.000000000000000000e+00 1.686500000000000000e+03 1.716500000000000000e+03
